# Pose trace — pythia / attack_staff
# anim=attack  length=0.950s
# archetype=ARC_OVERHEAD — Two-handed overhead arc. Weapon ROTATES through ~180° from rest → up-and-back → down-to-front. Staff pattern.

## Per-frame numeric pose (sprite-local coords; feet at (0,0), +x right, -y up)
frame | t     | wpn° | R_hand        | L_hand        | R_elbow       | L_elbow       | tip           | butt
------+-------+------+---------------+---------------+---------------+---------------+---------------+--------------
    0 | 0.000 |  -60 | ( +3.1,-24.9) | ( +8.5,-34.4) | ( +6.0,-34.4) | ( -0.2,-39.2) | (+19.4,-53.2) | ( -8.8, -6.3)
    1 | 0.086 |  -80 | ( +1.6,-25.4) | (+10.7,-42.0) | ( +5.3,-34.7) | ( +0.7,-41.5) | ( +7.5,-57.6) | ( -3.4, -4.0)
    2 | 0.173 | -117 | ( -1.1,-26.7) | ( +5.2,-55.3) | ( +4.0,-35.4) | ( +0.7,-46.4) | (-16.0,-55.9) | ( +8.0, -6.7)
    3 | 0.259 | -140 | ( -2.6,-27.7) | ( -3.2,-58.9) | ( +3.2,-35.8) | ( -0.5,-49.3) | (-27.8,-48.5) | (+13.8,-12.9)
    4 | 0.345 | -119 | ( -0.9,-26.6) | ( +1.9,-57.0) | ( +4.1,-35.3) | ( +0.5,-47.1) | (-16.7,-55.2) | ( +8.9, -6.9)
    5 | 0.432 |  -56 | ( +4.4,-24.5) | (+10.0,-39.7) | ( +6.7,-34.3) | ( +0.0,-39.7) | (+22.7,-51.6) | ( -8.8, -6.9)
    6 | 0.518 |   +6 | ( +9.8,-24.0) | ( -4.1,-24.8) | ( +9.4,-34.0) | ( -5.4,-34.7) | (+42.3,-20.4) | (-12.0,-27.4)
    7 | 0.605 |  +29 | (+11.7,-24.2) | (-12.4,-25.0) | (+10.3,-34.1) | ( -8.1,-34.0) | (+40.4, -8.5) | ( -7.2,-35.6)
    8 | 0.691 |  +16 | (+10.3,-24.0) | ( -9.7,-24.7) | ( +9.7,-34.0) | ( -6.8,-34.2) | (+41.8,-15.2) | (-10.6,-30.9)
    9 | 0.777 |  -15 | ( +7.3,-24.1) | ( -1.3,-25.8) | ( +8.2,-34.0) | ( -3.7,-35.5) | (+38.9,-32.5) | (-14.2,-19.4)
   10 | 0.864 |  -46 | ( +4.4,-24.5) | ( +6.1,-30.9) | ( +6.7,-34.3) | ( -1.1,-37.9) | (+27.2,-48.0) | (-11.6, -9.4)
   11 | 0.950 |  -60 | ( +3.1,-24.9) | ( +8.5,-34.4) | ( +6.0,-34.4) | ( -0.2,-39.2) | (+19.4,-53.2) | ( -8.8, -6.3)

## Spec verifier — PASS/FAIL per keyframe

  keyframe t=0.000s  phase=REST
    PASS

  keyframe t=0.300s  phase=WINDUP
    PASS

  keyframe t=0.550s  phase=STRIKE
    PASS

  keyframe t=0.950s  phase=REST
    PASS

Total failures: 0