# Pose trace — pythia / cast_staff
# anim=cast  length=0.850s
# archetype=CONDUIT_LIFT — Weapon raised vertical, held, lowered. Caster pattern (Pythia cast).

## Per-frame numeric pose (sprite-local coords; feet at (0,0), +x right, -y up)
frame | t     | wpn° | R_hand        | L_hand        | R_elbow       | L_elbow       | tip           | butt
------+-------+------+---------------+---------------+---------------+---------------+---------------+--------------
    0 | 0.000 | -135 | ( +9.0,-24.0) | ( +1.3,-31.8) | ( +9.0,-34.0) | ( -8.5,-34.0) | (-14.1,-47.1) | (+23.8, -7.7)
    1 | 0.077 | -129 | ( +9.0,-24.0) | ( -2.4,-28.4) | ( +9.0,-34.0) | (-10.6,-34.1) | (-11.4,-49.6) | (+21.9, -6.2)
    2 | 0.155 | -114 | ( +9.0,-24.0) | (-14.1,-25.9) | ( +9.0,-34.0) | (-14.8,-35.9) | ( -4.4,-53.8) | (+17.1, -3.5)
    3 | 0.232 |  -99 | ( +9.0,-24.0) | (-25.6,-33.2) | ( +9.0,-34.0) | (-18.0,-39.6) | ( +4.1,-56.3) | (+11.3, -2.1)
    4 | 0.309 |  -89 | ( +9.0,-24.0) | (-28.8,-41.2) | ( +9.0,-34.0) | (-18.9,-42.5) | ( +9.3,-56.7) | ( +7.8, -2.0)
    5 | 0.386 |  -86 | ( +9.0,-24.0) | (-29.0,-44.2) | ( +9.0,-34.0) | (-19.0,-43.5) | (+11.2,-56.6) | ( +6.5, -2.1)
    6 | 0.464 |  -86 | ( +9.0,-24.0) | (-29.0,-44.2) | ( +9.0,-34.0) | (-19.0,-43.5) | (+11.2,-56.6) | ( +6.5, -2.1)
    7 | 0.541 |  -89 | ( +9.0,-24.0) | (-28.8,-41.2) | ( +9.0,-34.0) | (-18.9,-42.5) | ( +9.3,-56.7) | ( +7.8, -2.0)
    8 | 0.618 |  -99 | ( +9.0,-24.0) | (-25.6,-33.2) | ( +9.0,-34.0) | (-18.0,-39.6) | ( +4.1,-56.3) | (+11.3, -2.1)
    9 | 0.695 | -114 | ( +9.0,-24.0) | (-14.1,-25.9) | ( +9.0,-34.0) | (-14.8,-35.9) | ( -4.4,-53.8) | (+17.1, -3.5)
   10 | 0.773 | -129 | ( +9.0,-24.0) | ( -2.4,-28.4) | ( +9.0,-34.0) | (-10.6,-34.1) | (-11.4,-49.6) | (+21.9, -6.2)
   11 | 0.850 | -135 | ( +9.0,-24.0) | ( +1.3,-31.8) | ( +9.0,-34.0) | ( -8.5,-34.0) | (-14.1,-47.1) | (+23.8, -7.7)

## Spec verifier — PASS/FAIL per keyframe

  keyframe t=0.000s  phase=REST
    PASS

  keyframe t=0.300s  phase=HOLD
    PASS

  keyframe t=0.850s  phase=REST
    PASS

Total failures: 0