# Pose trace — pythia / idle_staff
# anim=idle  length=2.000s
# archetype=REST_TWO_HANDED — Weapon held in two hands at idle — pose holds across walk/idle.

## Per-frame numeric pose (sprite-local coords; feet at (0,0), +x right, -y up)
frame | t     | wpn° | R_hand        | L_hand        | R_elbow       | L_elbow       | tip           | butt
------+-------+------+---------------+---------------+---------------+---------------+---------------+--------------
    0 | 0.000 |  -60 | ( +3.1,-25.0) | ( +8.5,-34.5) | ( +6.0,-34.6) | ( -0.2,-39.3) | (+19.4,-53.3) | ( -8.8, -6.5)
    1 | 0.182 |  -60 | ( +3.1,-25.1) | ( +8.5,-34.6) | ( +6.0,-34.7) | ( -0.2,-39.4) | (+19.4,-53.4) | ( -8.8, -6.6)
    2 | 0.364 |  -60 | ( +3.1,-25.3) | ( +8.5,-34.8) | ( +6.0,-34.9) | ( -0.2,-39.6) | (+19.4,-53.6) | ( -8.8, -6.7)
    3 | 0.545 |  -60 | ( +3.1,-25.5) | ( +8.5,-35.0) | ( +6.0,-35.0) | ( -0.2,-39.8) | (+19.4,-53.8) | ( -8.8, -6.9)
    4 | 0.727 |  -60 | ( +3.1,-25.7) | ( +8.5,-35.2) | ( +6.0,-35.2) | ( -0.2,-40.0) | (+19.4,-54.0) | ( -8.8, -7.1)
    5 | 0.909 |  -60 | ( +3.1,-25.8) | ( +8.5,-35.3) | ( +6.0,-35.4) | ( -0.2,-40.1) | (+19.4,-54.2) | ( -8.8, -7.3)
    6 | 1.091 |  -60 | ( +3.1,-25.8) | ( +8.5,-35.3) | ( +6.0,-35.3) | ( -0.2,-40.1) | (+19.4,-54.1) | ( -8.8, -7.2)
    7 | 1.273 |  -60 | ( +3.1,-25.6) | ( +8.5,-35.1) | ( +6.0,-35.1) | ( -0.2,-39.9) | (+19.4,-53.9) | ( -8.8, -7.0)
    8 | 1.455 |  -60 | ( +3.1,-25.4) | ( +8.5,-34.9) | ( +6.0,-35.0) | ( -0.2,-39.7) | (+19.4,-53.7) | ( -8.8, -6.9)
    9 | 1.636 |  -60 | ( +3.1,-25.2) | ( +8.5,-34.7) | ( +6.0,-34.8) | ( -0.2,-39.5) | (+19.4,-53.5) | ( -8.8, -6.7)
   10 | 1.818 |  -60 | ( +3.1,-25.0) | ( +8.5,-34.5) | ( +6.0,-34.6) | ( -0.2,-39.3) | (+19.4,-53.4) | ( -8.8, -6.5)
   11 | 2.000 |  -60 | ( +3.1,-24.9) | ( +8.5,-34.4) | ( +6.0,-34.5) | ( -0.2,-39.2) | (+19.4,-53.2) | ( -8.8, -6.4)

## Spec verifier — PASS/FAIL per keyframe

  keyframe t=0.000s  phase=REST
    PASS

  keyframe t=2.000s  phase=REST
    PASS

Total failures: 0