# Pose trace — pythia / walk_staff
# anim=walk  length=0.600s
# archetype=WALK_TWO_HANDED — Legs swing under body bob, arms locked on weapon.

## Per-frame numeric pose (sprite-local coords; feet at (0,0), +x right, -y up)
frame | t     | wpn° | R_hand        | L_hand        | R_elbow       | L_elbow       | tip           | butt
------+-------+------+---------------+---------------+---------------+---------------+---------------+--------------
    0 | 0.000 |  -60 | ( -3.1,-34.5) | ( -9.0,-25.0) | ( +6.9,-35.2) | ( -9.0,-35.0) | ( +7.4,-53.3) | (-20.9, -6.5)
    1 | 0.055 |  -60 | ( -3.1,-34.3) | ( -9.0,-24.7) | ( +6.9,-35.0) | ( -9.0,-34.7) | ( +7.4,-53.0) | (-20.9, -6.2)
    2 | 0.109 |  -60 | ( -3.1,-35.0) | ( -9.0,-25.5) | ( +6.9,-35.7) | ( -9.0,-35.5) | ( +7.4,-53.8) | (-20.9, -6.9)
    3 | 0.164 |  -60 | ( -3.1,-34.4) | ( -9.0,-24.9) | ( +6.9,-35.1) | ( -9.0,-34.9) | ( +7.4,-53.2) | (-20.9, -6.4)
    4 | 0.218 |  -60 | ( -3.1,-33.8) | ( -9.0,-24.3) | ( +6.9,-34.5) | ( -9.0,-34.3) | ( +7.4,-52.6) | (-20.9, -5.7)
    5 | 0.273 |  -60 | ( -3.1,-33.7) | ( -9.0,-24.2) | ( +6.9,-34.4) | ( -9.0,-34.2) | ( +7.4,-52.5) | (-20.9, -5.6)
    6 | 0.327 |  -60 | ( -3.1,-34.3) | ( -9.0,-24.7) | ( +6.9,-34.9) | ( -9.0,-34.7) | ( +7.4,-53.0) | (-20.9, -6.2)
    7 | 0.382 |  -60 | ( -3.1,-34.8) | ( -9.0,-25.2) | ( +6.9,-35.5) | ( -9.0,-35.2) | ( +7.4,-53.5) | (-20.9, -6.7)
    8 | 0.436 |  -60 | ( -3.1,-34.9) | ( -9.0,-25.4) | ( +6.9,-35.6) | ( -9.0,-35.4) | ( +7.4,-53.7) | (-20.9, -6.8)
    9 | 0.491 |  -60 | ( -3.1,-34.3) | ( -9.0,-24.8) | ( +6.9,-35.0) | ( -9.0,-34.8) | ( +7.4,-53.1) | (-20.9, -6.2)
   10 | 0.545 |  -60 | ( -3.1,-33.7) | ( -9.0,-24.1) | ( +6.9,-34.3) | ( -9.0,-34.1) | ( +7.4,-52.4) | (-20.9, -5.6)
   11 | 0.600 |  -60 | ( -3.1,-34.2) | ( -9.0,-24.6) | ( +6.9,-34.9) | ( -9.0,-34.6) | ( +7.4,-53.0) | (-20.9, -6.1)

## Spec verifier — PASS/FAIL per keyframe

  keyframe t=0.000s  phase=REST
    PASS

  keyframe t=0.300s  phase=REST
    PASS

Total failures: 0