# Pose trace — myrmidon / walk_spear
# anim=walk  length=0.600s

## Per-frame numeric pose (sprite-local coords; feet at (0,0), +x right, -y up)
frame | t     | wpn° | R_hand        | L_hand        | R_elbow       | L_elbow       | tip           | butt
------+-------+------+---------------+---------------+---------------+---------------+---------------+--------------
    0 | 0.000 |  -13 | (+13.5,-25.9) | (-13.5,-25.9) | (+11.2,-35.6) | (-11.2,-35.6) | (+57.3,-35.9) | (-11.1,-21.3)
    1 | 0.055 |  -10 | (+12.5,-25.3) | (-12.5,-25.3) | (+10.7,-35.2) | (-10.7,-35.2) | (+56.8,-33.1) | (-12.3,-22.0)
    2 | 0.109 |  -13 | (+13.7,-26.0) | (-13.7,-26.0) | (+11.3,-35.7) | (-11.3,-35.7) | (+57.4,-36.4) | (-10.9,-21.1)
    3 | 0.164 |   -7 | (+11.5,-24.9) | (-11.5,-24.9) | (+10.3,-34.8) | (-10.3,-34.8) | (+56.2,-30.6) | (-13.4,-22.7)
    4 | 0.218 |   -3 | ( +9.9,-24.3) | ( -9.9,-24.3) | ( +9.5,-34.3) | ( -9.5,-34.3) | (+54.9,-26.4) | (-15.1,-24.1)
    5 | 0.273 |   -0 | ( +9.1,-24.0) | ( -9.1,-24.0) | ( +9.0,-34.0) | ( -9.0,-34.0) | (+54.1,-24.1) | (-16.0,-25.0)
    6 | 0.327 |   +6 | ( +7.0,-24.7) | ( -7.0,-24.7) | ( +8.0,-34.7) | ( -8.0,-34.7) | (+51.8,-20.2) | (-17.8,-28.2)
    7 | 0.382 |  +11 | ( +5.1,-25.6) | ( -5.1,-25.6) | ( +7.1,-35.4) | ( -7.1,-35.4) | (+49.3,-16.8) | (-19.2,-31.4)
    8 | 0.436 |  +10 | ( +5.6,-25.3) | ( -5.6,-25.3) | ( +7.3,-35.2) | ( -7.3,-35.2) | (+49.9,-17.7) | (-18.9,-30.6)
    9 | 0.491 |   +5 | ( +7.1,-24.6) | ( -7.1,-24.6) | ( +8.1,-34.6) | ( -8.1,-34.6) | (+52.0,-20.5) | (-17.7,-28.0)
   10 | 0.545 |   +0 | ( +8.8,-24.0) | ( -8.8,-24.0) | ( +8.9,-34.0) | ( -8.9,-34.0) | (+53.8,-23.7) | (-16.1,-25.2)
   11 | 0.600 |   -4 | (+10.4,-24.5) | (-10.4,-24.5) | ( +9.7,-34.4) | ( -9.7,-34.4) | (+55.3,-27.6) | (-14.6,-23.7)

## Spec verifier: (no spec registered for this variant)